0|376|2026-05-04 18:19:36|70|2|12 70 |
0|373|2026-05-04 18:19:48|68|3|50 12 68 |
0|0|2026-05-04 18:20:28|26|5|102 32 32 122 26 |
0|142|2026-05-04 18:23:19|44|4|10 20 30 44 |
0|412|2026-05-04 20:01:10|40|2|50 40 |
0;174;2026-05-04 20:06:22;26;450,30,25,26,;
0;507;2026-05-04 20:07:14;48;148,;
0;474;2026-05-04 20:11:19;12;220,12,;
0;446;2026-05-04 20:12:09;77;276,77;
0;358;2026-05-04 20:13:19;94;3;100,92,94;
0;427;2026-05-04 23:32:56;14;1;14;
0;469;2026-05-04 23:37:25;7;1;7;
0;322;2026-05-04 23:41:01;90;1;90;
0;544;2026-05-04 23:44:36;7;1;7;
0;536;2026-05-04 23:49:39;87;1;87;
0;110;2026-05-18 18:30:47;56;6;39,23,79,60,53,56;
0;22;2026-05-18 18:40:39;96;3;50,75,96;
0;252;2026-05-18 18:41:06;40;3;50,25,40;
0;324;2026-05-18 18:41:17;3;3;50,14,3;
0;123;2026-05-18 18:41:27;52;7;46,75,60,51,55,53,52;
0;205;2026-05-18 18:41:43;76;5;43,61,79,73,76;
0;203;2026-05-18 18:42:07;36;7;12,21,37,52,27,31,36;
0;83;2026-05-18 18:43:02;67;8;25,70,47,57,62,66,68,67;
0;223;2026-05-18 19:31:57;99;1;99;
0;175;2026-05-18 20:12:53;32;9;20,53,28,21,36,33,30,31,32;
0;81;2026-05-18 20:13:12;97;6;17,53,43,73,88,97;
0;194;2026-05-18 20:53:02;0;5;49,21,10,3,0;
0;8;2026-05-18 20:53:32;77;10;49,84,60,72,79,76,74,78,78,77;
